111000110000100000000000000000000000
111100100000100000000000000000000000
111100000100000100000000000000000000
100000110000010000010000010000000000
111000001100000100000000000000000000
110000011000001100000000000000000000
1111100000000000000000000
110000111000010000000000000000000000
1110000011000001000000100000000000000000000000000
1111010000000000000000000
111100011000000000000000000000000000
1111000000000000
111100100100000000000000000000000000
111000101000100000000000000000000000
1100001100001000000000000
1110011000000000000000000
1110001000000000
1000110001000000
1110001000010000000000000
1000011000010000100000000
1110010000000000
1111000100000000000000000
1111110000100000000000000000000000000000000000000
1111000100100000010000000000000000000000000000000
1110100000000000
010000111100010000000000000000000000
1100011000000000
010000110000011000010000000000000000
111000110000100000000000000000000000
1111000000000000
1110001000000000
111100100100000000000000000000000000
111100000100000100000000000000000000
1000011100010000000000000
1111000000000000
1110001000000000
1110010000000000
111000010000011000000000000000000000
1111100000000000000000000
1000000111000001000000100000010000000000000000000
1111100110000000000000000000000000000000000000000
1111100001010000000000000000000000000000000000000
111000101000001000000000000000000000
1100000010000001110000010000000000000000000000000
1111000000000000
100000111100010000000000000000000000
1110010000100000000000000
1111000110000001000000000000000000000000000000000
1100000010000001100001100000000000000000000000000
1110000001100000011000000000000000000000000000000
1000000111110000100000000000000000000000000000000
1110100000000000
1110010100000000000000000
1110001000000000
100000111100001000000000000000000000
1111000011100000000000000000000000000000000000000
0100011100010000000000000
1111000101000010000000000000000000000000000000000
1111010000000000000000000
1100001000011000000000000
100000110000011000010000000000000000
1110001100000000000000000
111000101000001000000000000000000000
111100000110000000000000000000000000
1110001000000000
1000011100001000000000000
1111000000000000
1000110001000000
100000110000011000010000000000000000
1110001100000000000000000
1110010000000000
1100011000000000
1111000000000000
1100000100000011100000100000000000000000000000000
1110010100000000000000000
1111100010010000000000000000000000000000000000000
111000001100000100000000000000000000
1111000000110000001000000000000000000000000000000
1110000101100000100000000000000000000000000000000
1011000111000000100000000000000000000000000000000
1111100000000000000000000
1100001100001000000000000
110000011100010000000000000000000000
0100011100010000000000000
1100011000000000
0100011100010000000000000
1111001000000000000000000
1110010000000000
1110010000000000
1000000110000001110000100000000000000000000000000
1000000100000011000000100000010000001000000000000
1100011000000000
1100001100010000000000000
1000000110000001100000100000010000000000000000000
1000011100001000000000000
111110000100000000000000000000000000
110000011000001100000000000000000000
1100110000000000
1111010000000000000000000
1100001000011000000000000
1111010000000000000000000
1000110001000000
1000110001000000
111110010000000000000000000000000000
1101100011100000000000000000000000000000000000000
111110000100000000000000000000000000
1110011000000000000000000
1110000010000001100000010000000000000000000000000
111000001000001100000000000000000000
1100011000000000
1110001000000000
1111000010100000010000000000000000000000000000000
1111100000000000000000000
1111000010000001000000100000000000000000000000000
1110001000000000
1100001000011000000000000
1111010000000000000000000
1110010000000000
1110010100000000000000000
1000000100000011000000110000010000000000000000000
1111000010000000000000000
1100000011000000100000011000000000000000000000000
1111000000110000010000000000000000000000000000000
1111000100000000000000000
1111010000000000000000000
110000010000011000001000000000000000
1100011000000000
1111100100010000000000000000000000000000000000000
1110100000000000
111110001000000000000000000000000000
1100011000000000
1111000100100010000000000000000000000000000000000
111000110000010000000000000000000000
1110001000010000000000000
100000110000011000010000000000000000
111100000110000000000000000000000000
100000111000001000001000000000000000
1100011000000000
1110010000100000000000000
1110010000000000
1000110001000000
111111000000000000000000000000000000
1111100000000000000000000
1110010000000000
1110000110000000000000000
1110010000000000
1110100000000000
1000011100010000000000000
1111001000000000000000000
1010000111100000010000000000000000000000000000000
1111001000000000000000000
1000000111000010100000010000000000000000000000000
1111010000000000000000000
1110001100000000000000000
1110010000000000
1110011000000000000000000
111110000100000000000000000000000000
110000011000010000010000000000000000
110000111000010000000000000000000000
1100001000011000000000000
1110000001100000110000000000000000000000000000000
1111100100010000000000000000000000000000000000000
1000110001000000
110000111000010000000000000000000000
1111100010100000000000000000000000000000000000000
1100000110000001000000110000000000000000000000000
1100110000000000
1110100000000000
1110000001100001100000000000000000000000000000000
111000001100001000000000000000000000
1110001100000000000000000
1110001000000000
1000011000010000100000000
1000110001000000
1111000100000000000000000
1111010000000000000000000
111110000100000000000000000000000000
1000110001000000
1100110000000000
1111000100110000000000000000000000000000000000000
1000000111000001100000010000000000000000000000000
0110000111100001000000000000000000000000000000000
1111000001000001100000000000000000000000000000000
110000011100001000000000000000000000
1000000100000011100000010000001000000000000000000
110000011100001000000000000000000000
1000011000010000100000000
1111000100000000000000000
1111000010000001100000000000000000000000000000000
1100001000011000000000000
111000101100000000000000000000000000
1110100000000000
100000110000011000001000000000000000
1100011000000000
110000011100010000000000000000000000
1100110000000000
1110010100000000000000000
1110001000000000
1100000111100001000000000000000000000000000000000
1110001000000000
1000000100000011100000100000010000000000000000000
1110000111000010000000000000000000000000000000000
1111100000000000000000000
1110011000000000000000000
1111000011100000000000000000000000000000000000000
111110000010000000000000000000000000
1110000110000000000000000
111100001100000000000000000000000000
1100001000011000000000000
100000100000110000010000010000000000
111000011100000000000000000000000000
0100011100010000000000000
100000110000110000010000000000000000
1111000100000000000000000
100000110000011000010000000000000000
1100110000000000
0100011100010000000000000
110000011100001000000000000000000000
111110010000000000000000000000000000
111110001000000000000000000000000000
1110010000000000
0100011100010000000000000
1110010000000000
0110000111100000100000000000000000000000000000000
1000000111000001100000100000000000000000000000000
1110000110000000000000000
1100110000000000
010000110000011000010000000000000000
111100101000000000000000000000000000
100000110000011000001000000000000000
1100001000011000000000000
1000000111110000100000000000000000000000000000000
1111110000100000000000000000000000000000000000000
1111000001100000100000000000000000000000000000000
1000011100010000000000000
1100001100001000000000000
111100001000001000000000000000000000
110000011100001000000000000000000000
1000011000010000100000000
1110001000000000
1000000101000011100000100000000000000000000000000
1111000100100010000000000000000000000000000000000
111110010000000000000000000000000000
1100110000000000
1110001100000000000000000
1111000000000000
1111000100100010000000000000000000000000000000000
1111100000000000000000000
1000011000010000100000000
1110001000000000
1100110000000000
1000000110000011100000100000000000000000000000000
1100000010000001100001100000000000000000000000000
1000110001000000
0100011100010000000000000
1111000011000001000000000000000000000000000000000
1100011000000000
1100110000000000
1110010000100000000000000
1100000011100001010000000000000000000000000000000
1111110001000000000000000000000000000000000000000
111000001100001000000000000000000000
1111000000000000
1110010000100000000000000
1100001100001000000000000
1111000010000000000000000
111100001000001000000000000000000000
111110100000000000000000000000000000
1110001100000000000000000
100000111100001000000000000000000000
1111000010000011000000000000000000000000000000000
1110010100000000000000000
1100000111000000100000010000000000000000000000000
100000110000011000001000000000000000
1111000100000000000000000
1100011000000000
111000111000000000000000000000000000
1100001000011000000000000
1110100000000000
1111000010110000000000000000000000000000000000000
1100001000011000000000000
1000000110000001000000110000001000000000000000000
1111000010000000000000000
1000000110000001110000100000000000000000000000000
1010000111100000100000000000000000000000000000000
111000110000010000000000000000000000
010000111100010000000000000000000000
1110001000000000
100000111100010000000000000000000000
1000110001000000
1100110000000000
1110010000000000
111100100000100000000000000000000000
1100000010000001100000100000010000000000000000000
111100011000000000000000000000000000
1000110001000000
110000011100010000000000000000000000
1100000011100001000000100000000000000000000000000
111000001110000000000000000000000000
1100011000000000
1110001100000000000000000
1100000011100001000000100000000000000000000000000
1000110001000000
111000011000010000000000000000000000
1110010000000000
1111001000000000000000000
111000001110000000000000000000000000
1100011000000000
1100000011000011000000100000000000000000000000000
1100000010000001110000010000000000000000000000000
1000000110000001000000110000001000000000000000000
1110010100000000000000000
1110000001100000100000010000000000000000000000000
110000010000011000001000000000000000
1000110001000000
111000001100000100000000000000000000
1000110001000000
1000011100001000000000000
1110011000000000000000000
1110000110000000000000000
1110100000000000
1100000110000001100000010000000000000000000000000
1111110000001000000000000000000000000000000000000
1100011000000000
1100110000000000
111100011000000000000000000000000000
1100110000000000
1110010000100000000000000
1100110000000000
1000000101000011100000100000000000000000000000000
1000110001000000
1111000100000000000000000
1100000011100001010000000000000000000000000000000
111110001000000000000000000000000000
111110001000000000000000000000000000
1100110000000000
1100110000000000
1000000110000011100000100000000000000000000000000
1000011100010000000000000
0100011100010000000000000
110000111000001000000000000000000000
1110010100000000000000000
1100011000000000
1110010000000000
1111000100000000000000000
1000011100001000000000000
111000001100001000000000000000000000
100000111100001000000000000000000000
1100001000011000000000000
1000011000010000100000000
1111000000000000
1110000011100000100000000000000000000000000000000
111000001100000100000000000000000000
1110010000000000
111100011000000000000000000000000000
1110010000000000
111100010100000000000000000000000000
111100100000100000000000000000000000
111100010100000000000000000000000000
1100001100010000000000000
110000110000011000000000000000000000
1111000100000000000000000
110000100000110000010000000000000000
1101000011100001000000000000000000000000000000000
1110010000000000
110000110000011000000000000000000000
1111000000000000
1111000100000000000000000
1100011000000000
1110001000000000
1100000011110001000000000000000000000000000000000
1110000101100010000000000000000000000000000000000
1110000011100001000000000000000000000000000000000
1110010100000000000000000
1110000110000001100000000000000000000000000000000
1111010000000000000000000
100000110000011000010000000000000000
1011000111000000100000000000000000000000000000000
110000100000110000010000000000000000
110000011100001000000000000000000000
111100010000010000000000000000000000
1111001000000000000000000
1111001000000000000000000
0100011100010000000000000
1110001000000000
1100011000000000
1110010000100000000000000
111000101100000000000000000000000000
1100001100001000000000000
1111100000000000000000000
1100110000000000
0100011100010000000000000
1100011000000000
1111100000000000000000000
1100001000011000000000000
1100110000000000
010000110000011000010000000000000000
1110010000100000000000000
100000111000001000001000000000000000
1111000010000001100000000000000000000000000000000
1111000000000000
1100110000000000
111110001000000000000000000000000000
1111000101000010000000000000000000000000000000000
1100001100010000000000000
1110001000000000
1100000011000000100000010000001000000000000000000
1111000011100000000000000000000000000000000000000
1111100000000000000000000
1100011000000000
111000101000001000000000000000000000
1110001100000000000000000
1111110001000000000000000000000000000000000000000
1110000001100000010000001000000000000000000000000
1000011100001000000000000
1100000010000011100000100000000000000000000000000
111111000000000000000000000000000000
1111000001000000110000000000000000000000000000000
1111000000000000
1100110000000000
1100000110000001100000100000000000000000000000000
1111001000000000000000000
0100000110000001000000110000010000000000000000000
1110010000100000000000000
1111000010000011000000000000000000000000000000000
1110000010000001100000010000000000000000000000000
1100011000000000
1111100000000000000000000
1111100000000000000000000
1110100000000000
111100010000010000000000000000000000
1100000010000001100000010000001000000000000000000
1110000010000001000000110000000000000000000000000
1000011100001000000000000
1100000111000001100000000000000000000000000000000
1110100000000000
0100011100010000000000000
1110001000000000
1100000011100001000000100000000000000000000000000
100000111100000100000000000000000000
1110001000000000
1110000001100000011000000000000000000000000000000
1000011100010000000000000
1111000010000000000000000
111000101100000000000000000000000000
1111000000110000010000000000000000000000000000000
1111100001100000000000000000000000000000000000000
1110000101000000110000000000000000000000000000000
1100011000000000
1110010100000000000000000
1100000011110000001000000000000000000000000000000
1111100010000001000000000000000000000000000000000
110000110000011000000000000000000000
1100000011000000110000010000000000000000000000000
1110001100000000000000000
110000011100001000000000000000000000
1111000111000000000000000000000000000000000000000
0100011100010000000000000
1000000111100001100000000000000000000000000000000
1100001100001000000000000
1111110000100000000000000000000000000000000000000
1110001000000000
100000100000111000010000000000000000
1110000101000010100000000000000000000000000000000
1100011000000000
110000111000010000000000000000000000
1100000011000000100000011000000000000000000000000
111100100100000000000000000000000000
111000101100000000000000000000000000
1000000111100000100000010000000000000000000000000
100000100000110000010000010000000000
1110001000000000
111110010000000000000000000000000000
1100000011100000010000001000000000000000000000000
111000111000000000000000000000000000
1111001000000000000000000
111000001000001100000000000000000000
1110100000000000
1110100000000000
1111010000000000000000000
111000111000000000000000000000000000
1101100011100000000000000000000000000000000000000
1111111000000000000000000000000000000000000000000
1101000011100000100000000000000000000000000000000
1110010100000000000000000
1110001100000000000000000
1100000010000011100000100000000000000000000000000
1100000011110000001000000000000000000000000000000
111000011000010000000000000000000000
1100000011100001010000000000000000000000000000000
1100011000000000
1100011000000000
1110010000100000000000000
1111100100100000000000000000000000000000000000000
1000110001000000
1110010100000000000000000
1111100000000000000000000
1100011000000000
111110001000000000000000000000000000
1000110001000000
1110010000000000
1100001100010000000000000
111000010000011000000000000000000000
1100001000011000000000000
1111100001000000100000000000000000000000000000000
111000101100000000000000000000000000
1111000000000000
1111100000000000000000000
1110001000010000000000000
1111000000000000
1100000011100001010000000000000000000000000000000
1100110000000000
110000010000011000001000000000000000
1111000000000000
1101000011100000100000000000000000000000000000000
1111000000000000
1100000010000001110000010000000000000000000000000
1000000110000001100000010000001000000000000000000
111110000100000000000000000000000000
111000001000001100000000000000000000
1111000010000000000000000
1110100000000000
1110001000010000000000000
111110010000000000000000000000000000
100000110000011000010000000000000000
1110000011100000010000000000000000000000000000000
1000011000010000100000000
1100011000000000
1110011000000000000000000
111100010000010000000000000000000000
100000110000011000001000000000000000
111000011100000000000000000000000000
111000001000001100000000000000000000
1100110000000000
1110000110000000000000000
1111000000000000
1110100000000000
1111000101100000000000000000000000000000000000000
100000111000010000010000000000000000
1110011000000000000000000
1110001000000000
1110001000010000000000000
1111000100110000000000000000000000000000000000000
1100011000000000
1111000100000000000000000
1110010000100000000000000
100000100000110000010000010000000000
1110001000010000000000000
1110000010000011000001000000000000000000000000000
1110000011100000100000000000000000000000000000000
1110100000000000
1110001000000000
110000010000011000010000000000000000
110000011100010000000000000000000000
1111000010000000000000000
111100011000000000000000000000000000
111000010000011000000000000000000000
1111000000000000
1000000100000011000000100000010000001000000000000
111100000110000000000000000000000000
100000110000011000001000000000000000
1111000000000000
1110000111000010000000000000000000000000000000000
1000110001000000
0100011100010000000000000
110000110000011000000000000000000000
1110010100000000000000000
111100010100000000000000000000000000
1100011000000000
1110000010000011000000100000000000000000000000000
1100011000000000
1111000000000000
1111010000000000000000000
1100000011110000001000000000000000000000000000000
1110000011000011000000000000000000000000000000000
1110100000000000
1000110001000000
1110010000000000
1110001000010000000000000
1110001000000000
1100000110000001100000100000000000000000000000000
1000110001000000
1100011000000000
1110100000000000
1111000000000000
100000100000110000010000010000000000
1100011000000000
1110001000010000000000000
1100011000000000
1100011000000000
1111010000000000000000000
111000011100000000000000000000000000
1000000111100000010000001000000000000000000000000
1100011000000000
1111000010000000000000000
1111000010000001000000100000000000000000000000000
1100000011000000110000010000000000000000000000000
1110001100000000000000000
1110010000000000
1000011100001000000000000
1110000111000010000000000000000000000000000000000
111100010100000000000000000000000000
1111010000000000000000000
1111100000000000000000000
1110000001000000110000010000000000000000000000000
1110100000000000
1100011000000000
110000010000010000011000000000000000
1000011100010000000000000
1110000011100000100000000000000000000000000000000
100000111100001000000000000000000000
0100000111000000110000010000000000000000000000000
1000000111000000110000010000000000000000000000000
1000000111000001000000100000010000000000000000000
1000011100001000000000000
1000011000010000100000000
110000110000011000000000000000000000
1110001000010000000000000
1111010000000000000000000
1110001000000000
1110100000000000
1100011000000000
1110011000000000000000000
111000011100000000000000000000000000
110000111000001000000000000000000000
111110000100000000000000000000000000
1000110001000000
1100001000011000000000000
1111000011000001000000000000000000000000000000000
1110010000000000
1100000010000001000000110000001000000000000000000
1110000010000001100000010000000000000000000000000
1100110000000000
100000111000001000001000000000000000
1000110001000000
1000110001000000
0100000111110000100000000000000000000000000000000
111111000000000000000000000000000000
111111000000000000000000000000000000
1000110001000000
1110011000000000000000000
1110010000000000
111111000000000000000000000000000000
1110011000000000000000000
1111100000000000000000000
1100110000000000
110000011000110000000000000000000000
1000000100000011000000110000010000000000000000000
1100000110000001100000100000000000000000000000000
0100000110000001100000100000010000000000000000000
1110000011100001000000000000000000000000000000000
111000001000001100000000000000000000
1111100000000000000000000
1100110000000000
1110100000000000
1111000000000000
1110011000000000000000000
111100011000000000000000000000000000
1000110001000000
1111100000010000001000000000000000000000000000000
111100010000010000000000000000000000
1000000111100000010000001000000000000000000000000
1110001000010000000000000
1111000000110000010000000000000000000000000000000
1100011000000000
1110000001000000110000001000000000000000000000000
100000111000010000010000000000000000
111100011000000000000000000000000000
111100011000000000000000000000000000
111000011100000000000000000000000000
1110010000000000
100000100000110000010000010000000000
0100000110000001110000100000000000000000000000000
111110001000000000000000000000000000
1111010000000000000000000
1000011100010000000000000
1100110000000000
100000100000110000010000010000000000
1110001000000000
1110011000000000000000000
1110001000000000
111110010000000000000000000000000000
1100011000000000
1110001100000000000000000
1000000111000001100000010000000000000000000000000
1111000000111000000000000000000000000000000000000
1100011000000000
1111100000010000001000000000000000000000000000000
100000110000110000010000000000000000
1000110001000000
1000110001000000
0100011100010000000000000
1100000110000001100000100000000000000000000000000
1110001000000000
1100000011110000010000000000000000000000000000000
1110010000000000
111100000110000000000000000000000000
1110010000000000
110000011000001000001000000000000000
1110011000000000000000000
1111010000000000000000000
1111100000000000000000000
1111000000000000
111100100000100000000000000000000000
1000000110000001100000010000001000000000000000000
1111010000000000000000000
1100001000011000000000000
1110100000000000
1100000011000001100000100000000000000000000000000
1110010100000000000000000
1000110001000000
1110001000010000000000000
0100011100010000000000000
1111000000100000110000000000000000000000000000000
110000110000011000000000000000000000
1000011000010000100000000
1100000111000000100000010000000000000000000000000
1100000010000001100000100000010000000000000000000
100000111100010000000000000000000000
100000100000110000010000010000000000
111000001110000000000000000000000000
1110010000100000000000000
1110100000000000
1000011100001000000000000
1000110001000000
110000111000010000000000000000000000
1100000100000010000001100000010000000000000000000
1000011000010000100000000
1100000010000001000000110000001000000000000000000
1110000001110000001000000000000000000000000000000
1111000000000000
1110010000000000
1010000111100001000000000000000000000000000000000
1111000000000000
1110001000000000
1111000000110000001000000000000000000000000000000
1110010000000000
1110100000000000
1110010000000000
1100011000000000
100000111000010000010000000000000000
1100011000000000
1111000000000000
1110001000000000
1100001000011000000000000
1000011100001000000000000
111000110000010000000000000000000000
1000110001000000
1100000011100011000000000000000000000000000000000
1000011100001000000000000
1111000000000000
1000000111000000100000010000001000000000000000000
1000000100000011000000100000010000001000000000000
1100000011000001000000110000000000000000000000000
1110001000000000
1100001000011000000000000
1111000000000000
1100011000000000
1100000010000001100001100000000000000000000000000
1000000100000011000000110000010000000000000000000
1110001100000000000000000
111100001100000000000000000000000000
1100011000000000
1111100000000000000000000
0100000111110001000000000000000000000000000000000
111100010000010000000000000000000000
1110100000000000
1100011000000000
1000011100001000000000000
1111000111000000000000000000000000000000000000000
1100110000000000
1100000011110001000000000000000000000000000000000
1111000000000000
111110100000000000000000000000000000
1110100000000000
1100000010000011100000100000000000000000000000000
1100011000000000
111000101100000000000000000000000000
1000011100010000000000000
110000010000010000011000000000000000
1110000101100010000000000000000000000000000000000
1111000000000000
1000000110000001110000100000000000000000000000000
010000111100010000000000000000000000
1100011000000000
1000011000010000100000000
1110010000000000
1110100000000000
1111001000000000000000000
100000110000010000010000010000000000
1110000011100000010000000000000000000000000000000
111100011000000000000000000000000000
1100000011000000110000001000000000000000000000000
100000111100001000000000000000000000
111100011000000000000000000000000000
111000010000110000000000000000000000
1110010000000000
111100001000001000000000000000000000
1111100001010000000000000000000000000000000000000
1000110001000000
111110000100000000000000000000000000
1100000011000001000000100000010000000000000000000
1100110000000000
1100000111000000100000010000000000000000000000000
111110000100000000000000000000000000
1100001100010000000000000
1110000010000001100000100000000000000000000000000
1110010000100000000000000
1100011000000000
111100110000000000000000000000000000
1110001000000000
1100110000000000
1110100000000000
0100011100010000000000000
1111000011000000100000000000000000000000000000000
110000011000010000010000000000000000
1110001000000000
1110100000000000
100000111000001000001000000000000000
1111000010000000000000000
1100011000000000
0100011100010000000000000
111000010000010000010000000000000000
1111000000000000
1110000010000011000001000000000000000000000000000
1010000111100001000000000000000000000000000000000
1000011100001000000000000
1111000000000000
1111000110100000000000000000000000000000000000000
111110100000000000000000000000000000
111000001100000100000000000000000000
1110010100000000000000000
1111100000000000000000000
1100000010000001000000100000011000000000000000000
1110010000100000000000000
1111000010000000000000000
1111000101000010000000000000000000000000000000000
1100110000000000
1111001000000000000000000
111000010000011000000000000000000000
1100000011000000100000010000001000000000000000000
111000101100000000000000000000000000
100000100000111000010000000000000000
111100100100000000000000000000000000
1100001100010000000000000
1100110000000000
111100100100000000000000000000000000
1110011000000000000000000
1000000110000010000001100000010000000000000000000
1110001000010000000000000
110000011000001100000000000000000000
1000110001000000
1100000011100000010000001000000000000000000000000
1111000010000001100000000000000000000000000000000
111100010000010000000000000000000000
1111001000000000000000000
111100011000000000000000000000000000
111100100100000000000000000000000000
1111000000000000
1110000110000000000000000
1111000010000011000000000000000000000000000000000
1100000010000001000000100000011000000000000000000
1101000011100000100000000000000000000000000000000
1111000100100000010000000000000000000000000000000
1110001000000000
1110100000000000
1110010000100000000000000
1000000100000010000001110000010000000000000000000
1000011100010000000000000
1000110001000000
0100000111110001000000000000000000000000000000000
111000111000000000000000000000000000
1100000010000001110000001000000000000000000000000
1000011000010000100000000
110000100000110000010000000000000000
1111000111000000000000000000000000000000000000000
1110010000000000
111100100000100000000000000000000000
1111000000000000
1110010000000000
1100110000000000
010000110000011000010000000000000000
1100001100010000000000000
1000110001000000
1100001100001000000000000
111100000100000100000000000000000000
1000000111000011000000100000000000000000000000000
111100010000010000000000000000000000
1111110001000000000000000000000000000000000000000
1110000100000011000000100000000000000000000000000
1110000110000000000000000
111100011000000000000000000000000000
110000111000010000000000000000000000
1111010000000000000000000
1111000000000000
1000011100010000000000000
1000000110000001000000110000001000000000000000000
0100011100010000000000000
111000001100000100000000000000000000
1111110001000000000000000000000000000000000000000
110000110000011000000000000000000000
111000101000001000000000000000000000
100000111100010000000000000000000000
1000000111000000110000001000000000000000000000000
1100011000000000
1110001100000000000000000
1110100000000000
1100110000000000
111100100100000000000000000000000000
1100001100001000000000000
110000011100001000000000000000000000
1110010000100000000000000
111100011000000000000000000000000000
111000010000110000000000000000000000
111110000100000000000000000000000000
0100011100010000000000000
1100001100001000000000000
1111000010100000010000000000000000000000000000000
111100011000000000000000000000000000
1110000010000001110000000000000000000000000000000
1000000111000010100000010000000000000000000000000
1111000000100000110000000000000000000000000000000
1110010000000000
1110001100000000000000000
1000110001000000
1100000010000001000000110000010000000000000000000
1111100000000000000000000
1010000111100000010000000000000000000000000000000
100000110000010000010000010000000000
1111000000000000
1110100000000000
100000111100010000000000000000000000
1111000100000000000000000
0100000110000001000000110000010000000000000000000
1110010000000000
1111001000000000000000000
1111000000000000
010000111100010000000000000000000000
100000111100010000000000000000000000
1111000100000010000001000000000000000000000000000
1110001000000000
010000111100001000000000000000000000
1110010100000000000000000
1110001000010000000000000
1100000111000000100000010000000000000000000000000
1111100000000000000000000
1000000111100000010000001000000000000000000000000
1110001100000000000000000
010000111100001000000000000000000000
1111000100000000000000000
1111001000000000000000000
1110100000000000
1000011100001000000000000
1100001000011000000000000
1110001000010000000000000
1110100000000000
111100110000000000000000000000000000
110000011000001000001000000000000000
1111110100000000000000000000000000000000000000000
111100101000000000000000000000000000
1111110000010000000000000000000000000000000000000
1110010000100000000000000
1110000110000000000000000
100000100000110000010000010000000000
100000110000011000001000000000000000
0100011100010000000000000
1110001100000000000000000
111000001110000000000000000000000000
010000111100010000000000000000000000
100000111000001000001000000000000000
1110010000100000000000000
1100001000011000000000000
1100000011000001000001100000000000000000000000000
1111010000000000000000000
111100101000000000000000000000000000
111000001100000100000000000000000000
110000100000110000010000000000000000
100000100000111000010000000000000000
1110000110000000000000000
1000011000010000100000000
1110000011100000010000000000000000000000000000000
1000011100001000000000000
110000010000011000001000000000000000
111110000100000000000000000000000000
111100000100000100000000000000000000
1011000111000000100000000000000000000000000000000
1110001100000000000000000
1000110001000000
1110000110000000000000000
1110010000000000
1111100001010000000000000000000000000000000000000
1000000101000011100000100000000000000000000000000
1100000011100000100000010000000000000000000000000
100000110000010000010000010000000000
1110000010000001000001100000000000000000000000000
1000110001000000
1110011000000000000000000
100000111000010000010000000000000000
1100011000000000
110000011100001000000000000000000000
